1;SuperChange;;0;24099
10;My-Xchange;878525859540;912;84756
29;N-Change;;0;280447
48;Exwp;800811812711;1680;113610
51;ExchangeX;687408836403;1832;159470
52;NetExchange;;0;517412
56;M-Obmen;963130820766;2786;180766
63;WMCasher;106880779815;3232;79281
67;СуперОбменка;249714880659;4151;140510
72;ОбменникРу;113848432416;2976;19722
382;Bit-Changer;;0;3651
443;ОбменОМ;;0;843934
79;E-Obmen;;0;745154
80;Vmex;060994506852;1436;335545
81;WMChange;255372392348;2236;134980
83;Обменник.ws;249714880659;4151;24051
86;Obmening;142747776155;559;504234
90;Ex-Money;;0;44540929
104;Owm24;413356353466;162;1231
107;WM-Sha;881627402476;1575;3444
120;MagneticExchange;;0;193783
122;UltraChange24;353947666079;948;0
128;XMLGold;;0;1744969
142;WmPayCash;256939015533;2138;615256
152;Vilcov;;0;0
154;eCashMe;878525859540;912;256004
155;Z-Obmen;;0;24251
157;WmBox;329025066047;2140;42908
161;Обменник.ua;963130820766;2786;30086
170;XMoney;;0;71441
177;AlfaCashier;;0;104727
184;Xchange;;0;44494927
196;Е-Деньги;260726383675;1724;58930
197;WMSell;;0;11393
199;WMChange24;730055648577;1661;23069
201;NixExchange;;0;335625
204;ChangeAM;384322030386;833;30353
208;Обмен.cc;;0;52166
212;P2PChange;;0;557743
218;A-Exchange;;0;138252
601;Bitochek;;0;1166149
219;I-Obmen;;0;0
223;МультиВал;;0;70869
227;MoneyChange;;0;0
238;E-Money;;0;971514
239;E-Scrooge;;0;1512359
241;SimpleChange;174948279972;1367;4725
643;Bchange;;0;144480
252;VIPchanger;397640011232;1855;777962
730;WmMoney;445709135419;1262;37840
255;BazarMoney;250647852481;1009;17146
256;PM2BTC;;0;146437
257;PM2WM;;0;100000
259;BTC2Cashin;;0;119819
268;Rapid-Obmen;;0;2286835
269;Paspar;;0;233190
271;GoldObmen;;0;12125
272;WMCentre;;0;164958
273;ArmChange;;0;81247
274;MultiChange;;0;26323100
276;BTC2PM;;0;64625
277;BTC2WM;;0;100000
279;MChange;;0;33545106
295;MisterExchange;;0;42511
297;Меняйко;192211650456;1589;20243
299;ObmenCash;;0;10613
306;Спасибо;632584157120;2000;247060
310;IndaCoin;;0;4171590
311;Cryptex24;;0;339663
319;BelkaPay;;0;207505
320;100Монет;;0;4318328
324;Qipri;;0;398702
326;Матби;;0;5856350
327;24Обмен;;0;3784
329;TytCoin;;0;19326
337;1WM;;0;127993
341;WMStream;185657319746;1683;14802
342;Обменка;820680149301;1659;596310
346;UltraChange;;0;158908
362;D-Obmen;;0;312910
364;N-Obmen;;0;11181
366;WmCurrency;;0;2996
370;Obmenneg;426424364533;954;59288
372;HotExchange;;0;228281
374;Echange;401537073488;995;1055
377;ExBox;;0;38212
380;FavoriteExchanger;266156638013;1066;264501
385;ChangeMoney24;;0;4533967
387;365Cash;;0;114660
613;JoJoCash;;0;0
395;InternetMoney;;0;24300
397;AllCash;;0;4489488
402;Trust-Changer;;0;350
405;OpenChange;;0;4386370
409;5Минут;157677488095;321;3917
411;BTCBank;;0;68308
412;WW-Pay;;0;361296
417;24PayBank;;0;25778514
421;Receive-Money;;0;0
430;CoinToCard;;0;11671383
433;Smart-Pays;;0;1044264
436;RealExchange;271040623560;789;448188
921;Сатоши;;0;545501
437;RuChange;;0;18470
438;WestChange;;0;191585
439;Makoli;;0;36652
441;PMCash;;0;18509
444;Конверт;;0;68422
696;Exipon;556315249748;156;42080
445;24Online;;0;61147
450;Cashinout;153941855775;3266;4178317
454;ByWare;;0;37151974
456;SafePay;196907527892;1320;86958
455;FehuPay;;0;89198
830;EliteObmen;;0;2272547
460;Lionex;;0;2066
466;BtcChange24;;0;166631
464;MegaChange;380536951311;1083;21770
467;GoodObmen;;0;8261
468;Magnatus;;0;188400
469;MasterChange;238890286272;1946;6346099
471;ChBy;;0;15444291
472;Changer4u;;0;545577
473;ImExchanger;;0;6628872
474;SuperChangeNet;;0;1113194
475;ObmenPP;;0;721153
478;Coinex24;;0;32488
489;ZB;;0;0
488;FastChange;;0;5926591
486;Обменио;;0;356876
490;O-Paxum;;0;87706
498;Kraken;;0;0
502;OkCoin;;0;0
500;BitStamp;;0;0
504;OKEx;;0;0
497;Cexio;;0;0
496;Bitfinex;;0;0
492;Poloniex;;0;0
495;LiveCoin;;0;0
493;Criptex;;0;0
797;Excoin;;0;202385
501;Currency;;0;0
494;Exmo;;0;0
503;HitBTC;;0;0
505;CryptoMate;;0;0
508;Gemini;;0;0
507;Bitkonan;;0;0
510;Binance;;0;0
509;TheRockTrading;;0;0
511;Bittrex;;0;0
512;CoinBase;;0;0
513;BitBay;;0;0
515;YoBit;;0;0
517;BaksMan;;0;22934980
521;Шахта;;0;5460691
522;Касса;;0;191418
519;BitExchanger;;0;25290132
524;100Btc;;0;21530874
526;FastExchange;;0;336370
528;WmExpress;;0;126317
531;FastWM;176080725420;829;122025
532;QuickChange;;0;1068819
533;2x2Change;;0;555678
536;WuBill;;0;3453693
537;100BtcKiev;;0;290368
539;NewLine;;0;58636066
544;Банкомат;;0;70675728
743;Treddr;894221020033;24;0
547;Обменник24;;0;7103
546;NetEx24;;0;983757
548;ObmenTop;191116885147;714;7187
550;PayBis;;0;1316109
551;RocketChange;697747012700;1533;1284487
555;Cashex;;0;15905156
556;ObmennCom;;0;18825
558;1Exchanger;;0;61562
559;MinedTrade;;0;1573385
561;BetaTransfer;;0;15386
562;Z-Exchange;;0;2381
564;Babasiki;355685642804;1400;387659
565;Transfer24;;0;117520
567;Coin-Bank;;0;9674
573;Биткоин24;;0;38178
575;Your-Coins;;0;74162
576;ObmenEW;;0;5829
577;Bit-Обменка;;0;773844
580;4ange;;0;15949050
581;8Pay;437302142553;999;1199070
582;Обмен24;929821584599;1610;171999
583;SBitcoin;;0;3807921
584;F-Change;;0;366593
585;ObmenoFF;;0;224784
586;КэшБанк;;0;11928922
587;Payforia;;0;424753
589;ObmenTech;421609434468;1448;0
588;7Money;;0;45076
590;ExMoney;;0;10939
599;iChanger;360880458968;1004;126556
604;BestObmen;;0;14729
608;GeeExchange;;0;10656718
606;CryptoMoney;;0;0
605;Buy-Bitcoins;;0;17520805
607;60сек;;0;36495743
609;ObmenMoney;279259009479;723;149046
611;ChangerClub;;0;1755466
614;El-Change;;0;285070
615;Pocket-Exchange;;0;36495
619;LeoExchanger;;0;152626
620;4Exchange;;0;7618
621;Pay-Today;;0;3134396
618;24BestEx;;0;5002122
624;VV-Obmen;;0;20894
622;ProstoCash;;0;163819898
625;PayGet;;0;4863358
629;MonEx;189133223119;2330;122920
626;Best-Obmen;;0;5278638
640;BTC2Pay;221447616216;1005;70127
632;Midas24;;0;1752
636;WorldChange;;0;50626
664;BitHunter;;0;1035662
667;BitMonsters;;0;255233
645;BtcBit;;0;9143398
681;CryptoHome;;0;4707996
635;Staff-Obmen;;0;468
633;YChanger;;0;59262161
733;Bonanza-Obmen;;0;9530
736;Обменник-UZ;;0;7532
637;EuroBitcoins;;0;2719451
634;BestCoin;;0;1560788
668;MyCryptoMarket;;0;1044860
722;Алтын;;0;15627
650;Real-Bit;;0;1525910
638;Bitcoin24SU;;0;60383
642;BuyBit;;0;74308
678;Ym-Change;;0;1727
655;BitStore;;0;1373967
709;Nexchange;;0;84036
659;1-Online;;0;30177359
665;Perfect-Change;;0;12158
670;FastEx;;0;45043
652;LasloBit;;0;751299
653;BTC-Online;;0;912500
731;BigBank;;0;161303
689;TransCoin;;0;2259613
651;Монетка;702499140547;788;53100
657;Easy-Changer;;0;706439
661;Ферма;;0;2490057
677;Bitcoin24Exchange;;0;644443
654;Ru-Bas;;0;33641
738;HASchange;;0;152643
702;Papa-Change;;0;123077
660;FlyChange;290933993890;2344;1266063
693;CryptoBroker;;0;8044792
714;Top-Exchange;;0;449454
719;ObmenLite24;483565345269;852;4188
672;99Francs;;0;0
715;Coins-Trade;;0;261847
676;Иеремия76;;0;25604
658;BtcTenge;;0;3738065
762;TetChange;087085525470;538;1044923
686;Vinza;;0;0
708;ObmennegRu;050730829631;184;0
695;BTC-Обменник;;0;3819069
706;HoBit;;0;287917
705;Cryptonex;;0;12397
697;ChangeTime;828193256536;474;3767
687;WikiPays;;0;609021
746;V-Obmen24;;0;0
701;WMCash;236702904683;959;154957
749;BitOkk;;0;22089421
690;Fair-Exchange;413428403759;0;0
685;BitCash;;0;306109
684;100Bitcoins;;0;109047
723;BitObmen;;0;41518
718;Platov;;0;224385
704;Change-X;;0;7301227
692;C1kWorld;;0;2622058
688;ExchangeExpress;279259009479;723;10762
710;Bittrend;;0;100000
712;Criptify;;0;27397
755;Big-Changer;;0;9659
699;BitPro;;0;0
703;Obmen4you;320026778932;1155;8168
729;WallBTC;;0;0
726;ObmenMarket;;0;0
739;AcryptoExchange;;0;4427493
716;Биток777;;0;0
711;HelpChange;;0;0
751;ObmenExpert;;0;4638
782;Tec-Bit;;0;6901
750;CashAdmin;;0;133483
728;ElectronExchange;888980571267;889;233037
763;PushPayer;753021635396;3;78523
758;CryptoBox;;0;5649844
741;BTCe-Obmen;;0;3311
737;BonkyPay;232342940453;140;368445
761;FlashObmen;;0;155810
745;CryptoChange24;;0;166509
754;ObmenIM;;0;159364
783;ОбменДенег;;0;12750
770;BTC24pro;;0;409746
790;Турбина;;0;0
776;XbiTrade;;0;175537
765;Bit-Exchange;;0;6634559
785;PayMarket;;0;31842
775;AllWMCash;;0;152598
804;PayBTC;;0;1370688
780;Bitcoin24Pro;;0;7260690
774;ОбменМонет;;0;5946271
766;UniCash;;0;17726734
764;NiceChange;;0;58470236
786;EmExchanger;;0;24317
772;CoinPayMaster;;0;10041112
792;SberBit;;0;5059277
799;Криптообменник;;0;0
787;PrivatCash;;0;201223
805;BTCstaff;;0;63896
801;Coin-Future;;0;12827
798;Quickex;;0;8090361
806;Mercuryo;;0;12054346
807;CryptoBar;;0;0
808;ChangeCoins;;0;1392617
814;BitBits;;0;2083
835;7Pay;709807738416;938;130340
827;Crypster;;0;2504905
818;R-Obmen;;0;1017
812;Ex-Bank;;0;79569
823;Обменочка;;0;2614
832;LiveTrader;;0;576
809;XbitMoney;155289860990;1127;152868
833;ExchangeWeb;;0;0
825;MyChanger;;0;942639
816;WM007;;0;40381
840;YoChange;;0;80907291
841;MegaChangeMe;432189717906;133;3838
838;AlfaExchange;;0;2485006
836;HotRate;;0;176410
822;DarkVIP;;0;0
821;ExchangeTeam;;0;48245
815;Belqi;;0;11127790
856;Fenix-Pay;;0;3632
850;Keine-Exchange;;0;235301
846;ExchangeYourMoney;;0;74599
847;BitPride-Exchange;;0;21578994
848;SwapCoin;;0;2817158
852;RamonCash;;0;275966
843;BrokenBit;;0;3362
844;Капуста;181897906569;379;17598
857;Paytiz;227421344645;229;3185734
855;CoinStart;;0;403658
858;FixedFloat;;0;112383
862;WMZ;218621457637;221;47849
861;Fex24;;0;63172
865;Bixter;;0;3111064
869;ExpoChange;412963033166;0;237933
866;Delets;;0;212610
872;WM-Obmen;362955051206;1527;169971
871;BitokBy;;0;13040820
895;CryptoBarMen;;0;19681
876;PonyBit;194761678652;63;2842
867;Сумма;;0;197395
870;Alfa-Trades;;0;0
886;ObmenCrypto;;0;26314907
882;BuyBank;;0;297275
881;AllTrustMe;;0;21101343
879;SafeCurrency;;0;3284531
877;Об-мен;963523258975;60;135792
883;101Crypta;;0;3245646
884;Cryptex;;0;86522
874;ChangeHero;;0;12299945
905;TraiderIdeal;;0;13809
902;BTC-Волга;;0;0
885;JPMarket;;0;2566
897;AnonEx;;0;36400
888;GramBit;;0;234772132
894;КупиБит;;0;4817929
887;KZObmen;;0;120893
898;Вобменка;;0;236833
906;CryptoHonest;;0;16196128
908;ExchangeMoscow;041418798961;490;340608
901;WMStar;310224582545;553;192108
899;CoinShop24;;0;33043933
900;Obmen-Box;;0;0
896;CoinChanger;;0;65762
910;WMT;797230232341;196;14145
909;CrypTorg;;0;71299
915;CoinGuru;;0;4687089
914;Ex-code;;0;0
913;Qiwex;;0;188354
917;Micro-exchange;;0;4133702
916;Cryptos;;0;443685
925;Sunduk;;0;258636
918;КриптоРай;;0;0
939;EuroBit;;0;1851024
935;Wiki-Exchange;;0;3499392
920;VIP-Obmen;552557541159;517;2908952
922;PayWallet;;0;7344
923;HD-Change;;0;37196
943;TopCash;;0;221153
928;CriptoMoney24;;0;196331
927;Msk-Exchange;;0;109420714
933;TytCash;;0;107633
932;VIP-Money;737486336915;539;433146
929;RoyalCash;;0;66431732
930;Crypto-Store;;0;97433
942;ExHub;;0;2865576
940;GetCoins;;0;12759
944;EExchanger;330964771407;283;18439
947;Dynasty-Pay;;0;0
949;Coco-Pay;;0;5085359
948;AbcObmen;;0;11060578
951;PrideChange;;0;3359905
950;UAchanger;;0;25443
952;ExLine;;0;2198
954;EggChange;;0;3213023
961;MyBTC;;0;11189533
960;Crybex;;0;123564
959;ExchangeKey;;0;32439676
953;Livex;;0;5469
956;Обменко;;0;731735
958;24Zone;;0;14830967
962;StyleBTC;;0;213906
963;Global-Ex;;0;15432
955;AlfaBit;;0;1147338
966;BlaBlaChange;;0;3187278
964;ExBase;;0;278108
965;Crypto-Express;;0;2184
967;КриптоОбмен;;0;732683
971;CryptoSell;;0;2694
968;CryptoMax;;0;8377594
973;Number1;;0;174732
969;4Money;;0;7995887
970;AlfaChange;;0;16164849
972;BigPay;865127628943;274;2753
974;BestKurs24;;0;0
975;PremierCash;;0;188400